100
0,95860123,506659492,606801178,173484420,869397534,311613911,995567234,620627904,711326813,866208920,155433092,273492280,483739217,343421102,612162178,311625523,450528341,643890563,459139452,804969360,459228763,765230726,362249401,139668442,292651409,62175846,669501460,353482939,808161159,111673679,984072302,738209008,169555844,918935054,780220319,831445745,48662284,49018138,197428123,828193333,720841904,341683237,361157728,121838980,358087252,202338701,697478231,603738435,662384639,545910627,544582983,450330427,199613462,868970986,279571050,888979741,221416647,775514878,261605576,82118235,368565835,200193845,665572851,238812436,223978638,950421660,836611030,764964534,583595513,612729348,3599082,994747588,21068168,665398327,977823270,140303496,251576313,79818567,71023405,822306810,223579266,449512770,838972585,6707576,745360296,968340562,614321783,524102844,350113154,766977628,143390397,874489275,201997330,606938366,119518184,687325837,7141394,393128242,311990908
95860123,0,262746154,799419354,834589767,707114485,538374857,131989601,946590476,281246112,544818635,262655849,67361806,384873737,578304143,84572814,990234597,466285411,611896677,467779932,330044487,232042877,212833272,967702912,24639167,716013022,3917276,575142719,505970788,358625282,702411775,951730311,694304516,576391693,69747944,105924711,432940142,708408061,465102231,690757026,52911616,601693610,194237046,449114410,936060021,930186412,7603367,875354220,985608698,208752181,923368206,523676174,189278949,848858012,522553799,294093276,519690661,842132994,441820011,176932672,667973338,880374002,364190272,862054201,453289068,659493580,118783476,167866336,278289974,375833706,838671909,53713016,712764852,860562482,527459267,266739000,138306551,811597253,940665325,202310426,998249094,353268908,650726255,13267742,408304224,902704800,820080883,357056968,91467773,793342539,161991176,244017460,839135776,948446344,891245823,283221591,943653462,810409190,984299389,14138607
506659492,262746154,0,504291657,30812622,862892632,92438051,423159224,949382676,140106026,412105924,244464460,814489037,636595191,782910010,413286568,401369807,575136118,188480642,645987248,447560560,747025520,565466810,567054428,819824608,313456916,528623000,123575259,339088141,209611635,354531076,726330989,932589570,294845565,34516890,1838480,810813733,491142079,814839584,969920950,612186732,19891620,201604166,363840863,669016142,820203853,616334721,598094085,870325461,163881731,408611221,167709554,889069287,684162352,326871900,935909051,911307486,735487294,830492434,378964492,200780857,580261070,21338454,33446763,246739324,196726031,313434948,262507502,645507675,262156480,204240353,957688359,275427498,611979666,599474121,197881909,771902117,110888311,614602799,287574945,307483484,498690231,363562401,351953117,34469478,327014353,187203311,402491039,552365523,871464183,629371248,190923043,110406016,330845758,223245556,588307707,734035205,198964769,404679166,627429913
606801178,799419354,504291657,0,687611070,389973398,672395506,414632935,102577146,932513544,576828362,354343816,819082683,346391636,451432902,206034052,697639642,401757418,784227083,522787623,437875684,998572964,463772892,401869337,383590927,918595044,626172261,225414088,437717505,633207881,251236607,979607223,313454374,284710974,443784865,796893027,937202637,878786456,642864994,727150827,883189590,859411941,867750571,637173185,868421485,317962167,296594276,902548236,383637334,668846713,739119189,420227551,129155694,165763247,935582020,331383958,698297978,321920855,692333857,925352917,946518606,76683539,465638333,472095609,405897008,518147627,41718959,955236707,739917374,52586534,172374994,974656146,998634051,53687556,628849346,338315248,417639166,606813691,966374198,592979271,201706158,757668662,995542629,695237557,793320784,6792058,330630150,666097443,487066335,634785563,726396851,554633985,413581461,293732887,545895310,728262629,679941409,767252599,63739091,758296860
173484420,834589767,30812622,687611070,0,161818888,907016364,621951698,409276124,202428527,469130537,574252940,7117419,986582752,786846987,980071487,569320008,448959008,756121361,556432716,361764585,111469737,293936421,73567498,258662003,649872751,79663223,940955611,664230859,666625936,927910680,395191546,780451184,213568949,233980464,876795849,303448353,294085252,338089648,6678071,237711934,520667151,792167234,235587864,199372083,980689948,472453079,234171000,127035194,266253027,325449100,212553200,454000258,43360502,670669978,290294964,56195054,155468240,596171023,831874810,226790722,671947043,470839462,653597782,400101404,951981460,39215560,461653038,427183629,39615834,994142474,252761363,741382809,49716918,800110350,231248376,660803985,370209108,621177498,450725609,258767585,760519194,484334139,235392850,879424899,73123233,686733227,500619594,141197845,17684786,438840433,900368362,373756914,934225509,995924143,888962064,10158514,998966733,673897177,934337604
869397534,707114485,862892632,389973398,161818888,0,909318344,948893440,846521217,923107737,127725229,23964283,441478863,986137719,129890080,527665643,112188597,456430165,790896513,919357207,117577015,478476912,380599543,893482124,366156183,689605758,67012715,707905272,824235288,859926363,80017594,131153092,247371145,543964667,996951682,659179273,977513272,860704745,322269947,660982099,113856107,655159473,125368197,334943665,848840787,863595754,713704913,618145788,662701643,251136231,543513119,180563725,256948079,974851289,878631118,658183363,824961528,389740635,434171922,350941035,876988084,343541270,449212947,221229033,414317678,30392373,202906865,948940269,383090469,684429404,536152168,904903448,726817798,309078842,680403129,957280377,922011354,213502619,783523852,49527714,592542003,673757744,278010559,272743561,336053660,701505004,983712007,619731496,511763876,757136337,433692376,42310501,563255871,978521500,885281842,929686568,930777421,400361244,187307574,980076481
311613911,538374857,92438051,672395506,907016364,909318344,0,241015824,143781790,457363943,774354235,475355057,883544901,62832002,629567418,362770664,427051955,889924876,971343241,673393203,454629501,419047467,793268818,309984469,532879312,580391922,528683109,890182667,159311263,165909470,323945423,522952151,123381593,999975715,936005800,416941106,356160761,774256295,620253490,208219351,859606581,246072167,923622384,302811248,837230354,727480671,957526061,70306775,198397385,596937819,277880431,365074408,706943713,275135531,845973991,701905967,581409866,987340841,112385242,453407881,780396206,404003822,360719429,293416468,35231346,901846339,751107956,541738262,109793920,940153795,838642391,506674644,448395615,237274018,245604960,3316243,487505147,585981242,306578144,653677566,389846966,533414953,287045462,109862964,643965109,281218705,872829145,122970235,618031523,891009044,923039465,323615719,174909821,276906465,921236061,858818881,159966799,82487840,327868760,929678131
995567234,131989601,423159224,414632935,621951698,948893440,241015824,0,31117816,146906809,757944352,814022391,543785354,266926005,257812856,293156535,385431481,156481879,582464513,282905512,852037585,279125344,641508851,908403259,291786080,444619964,653805238,844044573,46999844,848202045,178835100,502837139,411853199,870985141,512230705,779805421,780805174,955091771,370745114,786889254,622972724,584867032,775960781,56611763,286964229,332134093,176773601,965010693,859560554,256794839,574386106,468066327,30075957,977456543,38191874,545373580,550869716,42511861,981851266,140025399,389861860,201501676,988568977,564270438,741935554,170023414,381513663,548317291,104248052,157973842,687376942,965316795,826697255,754089857,706231380,522996241,220016478,841231632,526177055,902206345,380992453,320220969,877306462,122712027,629682094,373099728,637930224,892072791,44720798,232406135,928418452,874442974,36980542,922897485,626405234,323809009,192897710,61373357,809925378,761045540
620627904,946590476,949382676,102577146,409276124,846521217,143781790,31117816,0,610279048,440763545,440978125,877090365,474367716,144116323,378707928,68450504,487260465,971109018,428878178,663370753,637204495,674579980,524877557,145795147,478863183,910916292,704541861,661511193,524798319,782623709,830825505,461792579,10805807,120952588,205135821,43559803,298843549,462874245,790906153,929758820,685924958,302020371,999890288,544895249,848659853,389673381,420260727,959405459,679694774,758052274,359622957,562713771,962663824,414076640,69234312,964723224,282866034,513554087,972793827,214513469,914990820,50520350,437595627,118930733,284351077,296348830,609171874,165126360,35415315,738092859,261552412,177233925,244732001,380379653,629822151,313690274,529765374,295153383,407511780,500166970,282169460,384869977,126866307,281861947,801119815,821968706,453882327,56704044,341337892,782713044,729827715,355388764,104026371,265970394,18107583,112952206,505950692,704296755,901886479
711326813,281246112,140106026,932513544,202428527,923107737,457363943,146906809,610279048,0,319608806,419770751,553915172,63815616,989789199,364119575,349261733,498045121,688955260,542121999,12764935,566928935,50366909,515947372,120467593,432080097,669212783,225143740,748536318,156696002,765583530,429703811,732045463,513520084,868083645,663799450,593585225,468678093,805826802,234552358,411624450,965079938,900761714,573756422,735387418,314888269,927818863,458844592,82748934,670296955,632970258,801399134,774495746,986461537,584392214,223309652,552026647,123304711,454372535,242945038,694824471,545150353,398832507,663965148,902653104,466113926,172468352,974768296,250223496,384310197,118728188,518606791,868089246,59741374,642152729,415804671,29192829,853438143,817235087,103794448,452268888,954145341,916153239,554298688,931410603,67379515,896033223,836339664,646903887,221226046,303733902,61158671,359730070,828605132,866574139,371447570,756795964,310451642,939853165,597312635
866208920,544818635,412105924,576828362,469130537,127725229,774354235,757944352,440763545,319608806,0,821590101,531346,983881902,839171491,378296612,626507772,291223283,390699558,801000703,61617794,831907244,653948360,15175661,613582315,659593002,251242545,904567030,124897683,391920538,492342809,826440557,822643528,321197265,220859028,792792867,306286360,411347770,813657344,90436485,301310348,562675627,894043026,551789346,325612866,663997622,545506398,594722793,880438601,845762035,708649643,863240219,566644494,782426123,345044598,247217805,114463833,114303727,19351063,30543825,553708780,659381123,875890989,137460221,268728602,613124368,361909965,854272120,14493341,853448057,226993230,808944512,140087179,692600255,327883762,156495856,596996209,409179802,26398589,364256910,130917294,383318844,518841875,396290418,849607907,390557777,339778260,381798814,761524990,747085379,738753406,115430544,725526083,414764105,703287225,834049788,231103978,726725037,411593052,140968376
155433092,262655849,244464460,354343816,574252940,23964283,475355057,814022391,440978125,419770751,821590101,0,429009351,438546908,522461269,610661899,976836793,612267511,222776169,971515891,395790498,219789121,9201632,147206364,553558921,4758330,394984692,48149902,641006979,382242911,529113767,627672754,714828003,725568590,42011367,677765954,435422946,152368900,123018741,764678952,625861356,12744040,949238576,596100443,965156582,963956671,788221897,823473909,881477099,225249503,486546726,541124876,967527779,611319106,455216491,982705967,631032801,182540285,936645877,783001086,86374976,695624500,408979121,403152058,77978487,984439212,693759451,263758939,387278944,856303106,605633219,85664844,808445859,727090197,251835779,667911604,253808000,864995924,42599473,742821396,916911378,2025914,324047970,559154,640942867,855436932,556887703,693485851,914246583,794762816,504462381,612717941,790976857,503697811,249376983,435251044,552464683,851032916,29934016,471277220
273492280,67361806,814489037,819082683,7117419,441478863,883544901,543785354,877090365,553915172,531346,429009351,0,774626550,865510964,454990587,182896661,182835017,409642104,185796073,474165311,24849158,116507167,568543980,677152969,374981135,777038933,107833546,557612880,925282404,604215770,625588153,629326638,724216182,81927469,141425491,49999648,743585923,872446743,792309558,235647301,302502019,316430676,869029658,340814826,37677291,246834779,476579679,519257144,51218500,536602427,588082082,91775218,376473764,109536464,918629805,498860897,216664039,754488682,939099639,83793212,120523403,375690289,419519137,911191445,997734741,944684723,258822197,825948196,283655905,883595561,268837764,463135940,981462980,595811860,544189808,706726141,361706386,669749279,698480088,171858746,325558756,846231626,722638786,92613335,318630853,947300607,785359231,457675573,380441113,680889551,513103349,921250836,815267552,85424403,583609899,262531726,434702599,697455162,569517381
483739217,384873737,636595191,346391636,986582752,986137719,62832002,266926005,474367716,63815616,983881902,438546908,774626550,0,894980594,73076195,468802321,705452945,630629910,955628948,887677543,301037079,418600954,610545092,557173899,93983888,365177173,839495544,451803616,492517126,378039643,250069139,774855775,58809918,241672940,887152677,641648654,504025678,610985082,397836434,123659765,199099227,925965560,850229658,61393386,775230515,560126933,167951070,480246115,376227956,585483142,996181562,730256691,353638005,51800599,320939831,630610991,638202082,9287604,466828586,778449977,360582331,192854838,343045167,904440438,591806539,252939988,300048884,296705564,954393417,174615040,89381724,44720085,418572355,338994986,159875729,507541591,454233373,755595938,114037406,352492371,48803918,66845929,450944824,288570182,442911642,461328918,150921401,322659081,341368253,953034623,590500303,331318743,444916503,802539123,585486337,416249748,732317183,140909897,81907621
343421102,578304143,782910010,451432902,786846987,129890080,629567418,257812856,144116323,989789199,839171491,522461269,865510964,894980594,0,692839462,649754305,77689615,484066679,646443272,309171224,840571536,308041751,169563185,193771076,20628600,635377503,21422253,522173426,584106161,892207038,369964670,226940251,874499926,325489950,566332777,821780868,540150788,551571939,961559372,407056008,274990531,131786312,455340985,185216381,17385331,344178440,972856821,981509299,444852623,91042673,359970315,519752004,628978791,633125627,760932192,927057042,40119433,827061182,235234405,367340236,66499973,77957825,239728201,420464719,949950262,196050462,803848641,831192355,69277561,762801646,97110888,185065528,11752160,492114736,960944709,154351940,555523534,978673833,219203841,653472751,807797039,777047199,551909442,793817233,448776293,30820939,694324325,180720440,806613606,636968463,744963544,606937127,594919809,435157710,750583149,385740043,684089945,174657161,60397554
612162178,84572814,413286568,206034052,980071487,527665643,362770664,293156535,378707928,364119575,378296612,610661899,454990587,73076195,692839462,0,958009654,216849820,101464763,490635157,157080295,99008896,954791706,924610311,434367682,729047111,504979729,264743113,610885938,279344435,162383453,74037676,539325319,869800746,882301230,37535022,501049955,964604662,891676255,970709294,320039743,486019850,802672726,483064294,505328044,312815748,224567453,453845882,153942491,974755398,42373186,49640573,248120839,736904404,971070782,513122235,966685483,952667789,758325470,743216417,572591847,550327167,964476534,960005732,666289529,83297401,921537648,163190019,539863967,835408227,330520726,160426625,6729496,33070553,970501125,362240408,946621079,281360184,503903327,798151108,618674604,975678081,9981647,297099643,473650964,483246421,879760919,314941043,726251902,811735913,934104894,834898145,572929006,659158674,257019156,591046297,500551746,657550322,756275590,675525809
311625523,990234597,401369807,697639642,569320008,112188597,427051955,385431481,68450504,349261733,626507772,976836793,182896661,468802321,649754305,958009654,0,856497020,853817550,972531678,694216621,230678245,301295637,914428339,678947643,293226332,258752548,966505038,17576765,867611733,164277340,383960217,907794184,570973872,116956252,494277912,502885001,158892623,725528993,706981390,76404494,40982715,219532345,935958212,486035185,40877444,525157102,515583990,121349658,122271589,695463330,650408978,540050781,109945002,435310438,190048630,29274635,417626506,794409456,355466834,989961675,255488894,84271995,13844248,489174546,721631818,825228120,933484543,539169400,688655010,510689400,632880834,96546222,478239538,752193393,399845091,524553724,879485359,356199285,427682757,647474182,762122938,68434765,156995329,361638029,861928446,698514697,348568872,707403435,910008141,718176086,779874102,424194842,370442424,884616591,818015309,26348323,406008682,701177905,650613392
450528341,466285411,575136118,401757418,448959008,456430165,889924876,156481879,487260465,498045121,291223283,612267511,182835017,705452945,77689615,216849820,856497020,0,412002625,407268437,794245391,371027469,718826462,794839370,652382087,810797921,755714335,497227307,489495929,277162710,817427821,180133570,566346781,516289834,518647170,110451489,276334294,558177777,918181895,879465980,40167059,959835385,865338630,550902487,360709487,61196665,625864354,65730445,310975092,584477790,609174435,925688252,590056539,987857451,241670315,926363542,60622276,575487819,986559335,676946739,150998606,502755701,823135643,845061613,581263697,991697353,677431452,113550919,845267076,973420664,264653798,339798924,586225298,93885718,669543910,549323749,459954591,598113072,226744646,947773866,986691762,488179943,387295201,517481272,997383139,787057858,88106570,842726545,674216136,961197962,96149430,163656271,339503834,425782524,376168586,2755205,429294429,297819106,102664088,351181056
643890563,611896677,188480642,784227083,756121361,790896513,971343241,582464513,971109018,688955260,390699558,222776169,409642104,630629910,484066679,101464763,853817550,412002625,0,490364010,987222951,481296882,488228759,395071055,368592785,924838365,284859921,576458903,691188964,469637709,524608784,553119421,825461542,466593591,422188243,955208334,392280026,40931450,457109264,14102694,42799904,989731582,77976751,569150810,934312034,280121260,695929635,280382650,89560648,127501216,374553262,577702469,265252594,862122682,601233367,971350403,276615792,946732837,160578692,599309618,100546817,942467040,393063843,703602718,599971181,149251096,71728745,275974530,941023677,549453154,154969114,124835936,961590579,754095613,754534545,607482453,417944412,97199152,354481466,570555014,305482188,414198861,387897139,412353118,366481665,23489676,896962219,115295369,780565038,110498659,662895565,787677867,451337770,358462753,775158559,585528909,167374482,122799330,601739432,331862776
459139452,467779932,645987248,522787623,556432716,919357207,673393203,282905512,428878178,542121999,801000703,971515891,185796073,955628948,646443272,490635157,972531678,407268437,490364010,0,372451775,712101722,87430015,688031314,871393900,380011937,951682262,949290242,503006510,501676391,78331042,352189116,847601063,794509576,356643540,573540063,857454464,98215241,805467368,715671579,924839535,786181104,569632634,571673084,36207997,642632452,201047122,819511167,205098368,161803336,123260210,752555996,304210217,345004606,732187927,867569997,946787410,945873966,881341969,105361733,261585365,786738228,625093598,88035251,416311396,780150159,303856823,224936114,53010458,405697887,672557287,118660813,882771346,92152268,376613417,55838854,455300098,718974413,43144057,626790379,258292107,880289385,125866836,151379513,208690012,240372745,802597369,36933884,849448944,273844504,104000005,214526968,311202125,30165100,783361345,130593692,119890526,335910623,55109259,584302162
804969360,330044487,447560560,437875684,361764585,117577015,454629501,852037585,663370753,12764935,61617794,395790498,474165311,887677543,309171224,157080295,694216621,794245391,987222951,372451775,0,75338489,803592759,683741661,316894088,863714659,980190884,669363394,995588983,676222180,873052952,378074133,873574141,569910357,205392142,233459501,829907199,785149354,438229600,738487240,156065716,503411398,945020263,412452980,198519002,238326843,594205119,756519430,641970333,493952454,504015614,742805463,561699628,53195560,534041897,192125182,774517990,708067418,522226485,736001723,825317090,991125759,254209678,700270422,715347072,762780858,532771830,434776583,807780242,136161474,789231722,877912083,578227933,256031421,423341154,121449957,274744144,582894908,389764654,243723459,210764388,107870242,573232921,720086768,146844425,830175082,79859542,647895237,260504740,98095689,433221502,188376627,727970617,119808241,513604371,822563470,591994438,985588623,924920610,809843229
459228763,232042877,747025520,998572964,111469737,478476912,419047467,279125344,637204495,566928935,831907244,219789121,24849158,301037079,840571536,99008896,230678245,371027469,481296882,712101722,75338489,0,960686124,203154078,715571375,735121234,305426747,201420937,405556824,302418635,756104655,946915649,253876199,702223687,382202485,518237048,332052548,89054637,116481419,895147679,189962653,807731524,928189013,370419462,922203074,547461144,401396427,258624960,446575310,441249878,472141999,417237058,730128673,414284484,164662856,606556822,657167350,263481117,537339908,890081020,641839773,468585726,248389615,896499252,141400078,674499152,309425179,261822503,420650486,497646030,341867829,839359072,260658225,786705827,90114597,437876534,854140583,227604100,42604331,156622333,964747317,233944994,500247585,587710032,899335575,790406476,754808322,826510571,965994482,248065570,638288171,595474556,339429500,284019381,139315314,101780112,820710318,269190043,891958801,397891572
765230726,212833272,565466810,463772892,293936421,380599543,793268818,641508851,674579980,50366909,653948360,9201632,116507167,418600954,308041751,954791706,301295637,718826462,488228759,87430015,803592759,960686124,0,120613976,679701600,406594658,102357757,170844440,813147163,425491319,845920712,510914300,242562925,691531846,168141786,507500149,667003206,28658452,741704840,598299499,55565518,406571088,916446385,153961370,803904594,485301419,388377875,15724451,857671080,956570932,434442904,377068731,879552377,739175895,121530459,159671736,125699753,301966194,371856292,706695914,809919887,852830776,290675888,418211218,147179705,716788669,611648033,715751599,346735720,24762405,216971113,851200986,519449884,871044545,200096381,157198505,427809670,708808931,603220088,6807593,70796102,206237458,471961647,783203504,174095597,350511757,783089130,883307121,315368402,835046768,954922171,370585557,820291251,270784197,500119078,447517520,639972847,396355428,444817036,847638508
362249401,967702912,567054428,401869337,73567498,893482124,309984469,908403259,524877557,515947372,15175661,147206364,568543980,610545092,169563185,924610311,914428339,794839370,395071055,688031314,683741661,203154078,120613976,0,73978707,717086994,771223898,919709790,542768716,687696338,209714609,698195392,974624231,245326407,760242125,794214201,119600289,878753084,114123795,945695378,787977220,580166212,223892438,795070301,99053135,48752823,732066093,706419729,850750103,805296939,809289091,358951390,788489068,329466857,473957002,744201649,49737252,715366261,901587086,391182162,722564440,41676320,82030267,244443942,432324969,981458715,793662306,651689448,68672490,972026395,695568717,518877957,628460897,616039282,467341897,913547349,372590128,244662244,484480499,94043528,470664524,17634081,851626118,413698119,875207138,924159720,927999509,428244061,88437827,703766187,514751824,821994567,722516112,248334846,69512954,162089519,316918911,940745135,660485273,671719641
139668442,24639167,819824608,383590927,258662003,366156183,532879312,291786080,145795147,120467593,613582315,553558921,677152969,557173899,193771076,434367682,678947643,652382087,368592785,871393900,316894088,715571375,679701600,73978707,0,158911503,126053568,877508774,636566142,985479991,127861453,532328959,58126346,814486061,12499958,623520674,605893899,202487281,544567305,532915695,651657110,957755986,306085417,693407523,322209403,948511417,132025541,696554095,713339099,942189304,481076253,309099455,555486434,556822251,33863913,610546237,708274622,415608734,399745093,216091749,49592385,454695702,192801263,2920037,604309523,894052897,99315774,33758106,916884283,823402347,299538631,595245828,901504161,904583702,470089709,709480726,45620590,345313737,763586490,952540958,665607011,548661374,780091000,600068554,495700696,767173770,128854902,835733949,400808739,766918222,636414477,835095127,221816576,737835524,977357267,424628719,170155187,648202724,11589153,972121961
292651409,716013022,313456916,918595044,649872751,689605758,580391922,444619964,478863183,432080097,659593002,4758330,374981135,93983888,20628600,729047111,293226332,810797921,924838365,380011937,863714659,735121234,406594658,717086994,158911503,0,590104187,405691829,771083202,278864621,850317603,785982285,97777050,356266208,587741828,691543177,307661276,64959623,996242759,838660917,728637283,236727861,441210138,755373927,384729889,171328536,664163450,773972900,246419826,794934205,538828619,76713172,578640949,208083847,615908805,711648640,705005040,862633056,995848403,488018790,160449970,617242083,751380546,664240639,130272557,754249835,264724096,113894860,437791889,634803135,27668254,968889529,595785090,501946032,567812236,54956107,963746699,954873497,770355490,404415896,809772698,63031078,18581157,457458980,553445328,612566332,447779853,602099525,764735796,111691638,167702297,729997173,57467090,551542058,181017213,185569467,497294528,171637838,446094844,345998709
62175846,3917276,528623000,626172261,79663223,67012715,528683109,653805238,910916292,669212783,251242545,394984692,777038933,365177173,635377503,504979729,258752548,755714335,284859921,951682262,980190884,305426747,102357757,771223898,126053568,590104187,0,65233948,649513485,471299861,746026334,122122890,898819893,107439252,725286079,598139864,185432826,138095320,451649244,575887390,390513943,217788079,385133710,150602988,404408130,896256389,289586165,810610482,328079426,764640076,936300554,919095605,152485914,275694618,802437595,503968405,428782368,319314666,499540359,259307419,741634863,763405600,212083703,217830426,168873626,650401007,601562447,944809709,808271053,973897653,260610535,365726515,908965044,74309125,44938853,799480304,67036186,642260575,104964740,576129657,484137962,619058703,445307246,142231026,144712921,885494995,63599356,292736643,513555906,31722937,234754972,827869011,409100867,458805279,995639322,830188069,371049774,331495759,851524547,637697574
669501460,575142719,123575259,225414088,940955611,707905272,890182667,844044573,704541861,225143740,904567030,48149902,107833546,839495544,21422253,264743113,966505038,497227307,576458903,949290242,669363394,201420937,170844440,919709790,877508774,405691829,65233948,0,493905539,985546270,944763144,413323460,117175433,952033780,895750298,993745916,824682125,634068153,751949891,768490257,286476369,806999993,775413481,647204638,811173121,856281556,746962684,508689249,204072441,889248648,639369103,403916482,655037497,76079370,252552652,205920825,373660621,893494123,227399322,667363005,957578228,303765853,25776816,72689214,529790395,489234806,426829295,475064915,350210899,890857357,481548676,988514372,332041831,818814290,874701830,826867803,77460120,995759944,355020990,117686509,740037079,809442311,917879195,940735985,738419215,333847711,720538137,165741624,579769498,455875733,395809401,901238860,333968961,925829018,533441302,346949947,964499503,244318123,153747534,459681137
353482939,505970788,339088141,437717505,664230859,824235288,159311263,46999844,661511193,748536318,124897683,641006979,557612880,451803616,522173426,610885938,17576765,489495929,691188964,503006510,995588983,405556824,813147163,542768716,636566142,771083202,649513485,493905539,0,564471737,217996176,82848223,220234844,66490190,513993227,839346642,125730136,447224739,655165529,99129518,525535067,649243128,430043369,7061605,95570450,111954569,482794529,397271454,829270902,743889763,660096687,40683471,909111542,556003484,75654823,746477787,859084826,91238673,466230576,180967442,575938798,411212729,324075949,316605296,214973507,237715394,580414133,183497536,687449917,245943229,531583259,413764101,94624338,212309667,822260791,892321539,37038345,44208350,548600418,104706984,928102832,780683165,571788295,685740957,609263075,930328505,184165157,780084971,877099772,664626651,625470839,557117375,144117952,141683531,239127359,303723788,509117052,155500518,163940429,58871663
808161159,358625282,209611635,633207881,666625936,859926363,165909470,848202045,524798319,156696002,391920538,382242911,925282404,492517126,584106161,279344435,867611733,277162710,469637709,501676391,676222180,302418635,425491319,687696338,985479991,278864621,471299861,985546270,564471737,0,138727109,829818162,778652754,868011378,177552065,809687092,309816174,917262247,448775844,855170012,654580825,365106087,124384917,477255965,883667187,442271266,498546686,976007563,765161057,314380680,778858414,744765458,219878055,724597169,995021805,987487214,733150812,313813635,199604025,139744310,372030664,188755102,913417536,31661649,159425493,861950315,999556316,668599854,128097834,742851354,997651963,629321589,803234632,137730991,281400866,354502331,23178203,344906729,396110510,17424041,172127504,184434033,263094221,783210214,262915062,385434406,748144741,11117461,965370889,832723663,493989203,246190321,939614795,721725237,587297183,752210011,800137379,372620899,689764638,690726464
111673679,702411775,354531076,251236607,927910680,80017594,323945423,178835100,782623709,765583530,492342809,529113767,604215770,378039643,892207038,162383453,164277340,817427821,524608784,78331042,873052952,756104655,845920712,209714609,127861453,850317603,746026334,944763144,217996176,138727109,0,53271498,161104138,597772330,495800756,921138422,628469257,974597201,556188911,573521539,771550469,643063364,958414,528245808,416855268,869757053,592996920,725392332,411731955,205175954,62624329,944574875,86912022,889146693,935418378,141237880,685367051,292318145,414548266,508925699,499585687,588283743,495902194,398631186,170282274,542849764,363687191,336412991,695107572,453494358,154903160,926657482,915496328,776211512,38757295,32832195,821092111,148702720,236845905,1002550,188310372,516984203,12248751,799955688,534826339,556969255,163239222,254725099,410072873,697535459,760534403,483911323,96902783,473584616,631969259,762775626,439950744,902419466,50811307,710289782
984072302,951730311,726330989,979607223,395191546,131153092,522952151,502837139,830825505,429703811,826440557,627672754,625588153,250069139,369964670,74037676,383960217,180133570,553119421,352189116,378074133,946915649,510914300,698195392,532328959,785982285,122122890,413323460,82848223,829818162,53271498,0,304734268,583303563,324830007,892746692,978667566,663546845,921712820,125117581,404982853,206311232,314003942,446762728,893096632,152296002,530702486,815824610,558589835,849313634,182301786,540383361,286490251,392119151,690193696,719732113,83819440,948366766,251390128,914974629,659048426,624041329,478036591,958007833,301688301,445929654,973506174,789093854,72314335,717043696,22712892,220088336,547870305,949177874,318729001,496437534,47630665,88136470,551046011,695895104,786100315,876017273,725874750,642827066,659215008,661052835,231652484,868920329,635537215,75208952,346816881,148799990,687626192,932399786,837394790,632011880,262406849,11677794,608446553,228529635
738209008,694304516,932589570,313454374,780451184,247371145,123381593,411853199,461792579,732045463,822643528,714828003,629326638,774855775,226940251,539325319,907794184,566346781,825461542,847601063,873574141,253876199,242562925,974624231,58126346,97777050,898819893,117175433,220234844,778652754,161104138,304734268,0,753419085,230176486,390206264,573051149,674087964,174109434,353489789,858505655,937942951,237604096,251497158,788316111,658673636,223624195,105015566,234202953,357771461,750699260,317660954,100861697,499026405,545910072,795448737,646961802,887383537,699307533,266533877,599924962,380320892,904526988,206011281,449624170,29453740,942635825,928674416,214441109,884403653,853549126,93089933,476675699,57342207,910275038,718221316,561100813,873108086,910393635,475907715,620606150,754396883,230203783,490739658,887774919,438745426,631630400,231589391,47781548,119470702,967771677,991999647,907785334,293055217,530261319,29763319,56198391,329533637,336851558,188824824
169555844,576391693,294845565,284710974,213568949,543964667,999975715,870985141,10805807,513520084,321197265,725568590,724216182,58809918,874499926,869800746,570973872,516289834,466593591,794509576,569910357,702223687,691531846,245326407,814486061,356266208,107439252,952033780,66490190,868011378,597772330,583303563,753419085,0,747966035,628577512,606415532,464882417,29104760,845692915,454102094,897861888,35752707,648564559,787780750,961991150,767667306,283517232,941879577,763916070,202389606,808012488,284051042,86531690,51047503,826277821,110019867,18026569,852676894,765010709,651290499,598049606,187010046,233243988,386621157,898035946,610365609,48604220,547746536,842764637,248437796,138469754,986442808,992767416,681723771,105395281,844201784,676852743,330893895,787090255,696883225,143972631,366610816,28268693,408027444,800348007,560864153,251956019,520942848,316748598,173503142,203338408,837888642,238994581,729909391,738886340,941996543,417728464,962618678,468904118
918935054,69747944,34516890,443784865,233980464,996951682,936005800,512230705,120952588,868083645,220859028,42011367,81927469,241672940,325489950,882301230,116956252,518647170,422188243,356643540,205392142,382202485,168141786,760242125,12499958,587741828,725286079,895750298,513993227,177552065,495800756,324830007,230176486,747966035,0,978591996,25309968,733798720,100205566,833470987,417057850,248261186,343358071,296450001,925269045,298966776,131310720,966331059,921271175,409134143,919871628,80855579,423518430,583913862,97002659,890466599,59848483,762528421,175836152,835746290,472940284,632017056,376583702,881566366,862129451,516136828,797020196,587057345,504627185,140173321,481884930,814315414,52768975,700949825,257579959,209912821,533881786,223033449,155436748,688714626,657490633,478711664,912479441,733611541,247247582,733204185,155475606,420105307,171421454,19554430,159212903,598713097,387552137,589169584,402880022,134405980,395170367,751907486,69087277,173203746
780220319,105924711,1838480,796893027,876795849,659179273,416941106,779805421,205135821,663799450,792792867,677765954,141425491,887152677,566332777,37535022,494277912,110451489,955208334,573540063,233459501,518237048,507500149,794214201,623520674,691543177,598139864,993745916,839346642,809687092,921138422,892746692,390206264,628577512,978591996,0,325496328,383667462,504662030,110791722,674418517,472747294,394819088,855033966,669829365,865292236,587579654,637468267,987619182,344019768,650399302,962108990,367211166,581196167,809114934,481253970,207596356,946831014,881505830,397830221,677532223,480077280,725873719,265698162,414658905,910037574,781928895,873214914,929749176,350792484,492638390,935096973,712397620,801697976,123724864,791120577,485225729,834567951,968587040,888639257,107432440,618139138,233869569,20604759,478399688,678722618,814871762,860413001,454618640,235230900,675743726,758388458,119407393,831172499,622646452,5509008,307001218,807421456,888495095,960572817
831445745,432940142,810813733,937202637,303448353,977513272,356160761,780805174,43559803,593585225,306286360,435422946,49999648,641648654,821780868,501049955,502885001,276334294,392280026,857454464,829907199,332052548,667003206,119600289,605893899,307661276,185432826,824682125,125730136,309816174,628469257,978667566,573051149,606415532,25309968,325496328,0,570024278,224615024,307820119,552039980,339366502,299803901,941300383,95427023,902273592,785865753,264742541,740930519,751670438,350208115,124397687,928896804,608092183,393683413,178088052,519407251,649761421,786990207,858112493,50112391,789610793,974796533,701869791,167663691,626945441,306403539,450454105,602392508,11973941,100149530,713783618,225318021,789290545,151960910,501403312,328105595,812392357,936160429,744013642,638978981,874309325,75245888,712875343,711347210,597887711,949541040,779252297,841824086,119777343,975327799,30477214,407262003,672458004,947219218,633732465,268756629,714263979,706579949,170088375
48662284,708408061,491142079,878786456,294085252,860704745,774256295,955091771,298843549,468678093,411347770,152368900,743585923,504025678,540150788,964604662,158892623,558177777,40931450,98215241,785149354,89054637,28658452,878753084,202487281,64959623,138095320,634068153,447224739,917262247,974597201,663546845,674087964,464882417,733798720,383667462,570024278,0,535699932,747768642,775637304,136089133,374875146,892226155,631572097,30508066,660322309,338132220,431771438,455551948,264482724,561349863,929520904,665872470,152442800,445641792,306139428,740785952,239957998,617877237,433567236,482683924,977160586,98254896,977941240,429581837,723556623,290760760,657258415,800666189,801991464,657373794,292017641,463339421,99147062,859096411,16257939,217104431,332544951,975970937,522555076,230260338,960105376,517088879,270218755,867057861,690626229,390583022,520333972,3265651,586530378,149706069,779027230,917925329,376259571,818624476,570847798,41944760,362337079,6440293
49018138,465102231,814839584,642864994,338089648,322269947,620253490,370745114,462874245,805826802,813657344,123018741,872446743,610985082,551571939,891676255,725528993,918181895,457109264,805467368,438229600,116481419,741704840,114123795,544567305,996242759,451649244,751949891,655165529,448775844,556188911,921712820,174109434,29104760,100205566,504662030,224615024,535699932,0,478108784,572812361,616393637,185369350,114599935,255944137,41387437,484636821,569914431,192493824,833797879,897267244,717022004,186045745,82210975,278158393,841476223,89665782,536222807,710194365,535150441,928601072,243634356,962647466,563518273,746256490,937280148,781148700,885521278,559878810,782403206,559660237,993937494,510106886,724016661,287298438,618787977,394939222,281317274,409007206,266026887,244955761,497989955,245517000,762226492,950846782,111895285,422456207,750051409,858480353,28649680,343689691,968086277,944770094,599430954,437798255,132092612,6164455,963325406,592327198,446547098
197428123,690757026,969920950,727150827,6678071,660982099,208219351,786889254,790906153,234552358,90436485,764678952,792309558,397836434,961559372,970709294,706981390,879465980,14102694,715671579,738487240,895147679,598299499,945695378,532915695,838660917,575887390,768490257,99129518,855170012,573521539,125117581,353489789,845692915,833470987,110791722,307820119,747768642,478108784,0,124343927,652918374,74821781,839365152,61568106,963988841,426307682,281660143,418707856,995506650,961301642,752822463,10678507,127692821,348601535,474286660,445374344,255973510,718983023,496970098,514084114,692162252,350393759,329883994,992896330,514269893,857805530,760535350,321375910,362333865,744687244,443719852,445484768,433937669,996438548,549806566,893359164,711201005,638724738,652942543,783099115,893514667,14716237,855273096,265934883,791986042,286605799,299503061,417748984,324530552,451622367,929760251,265977974,744007616,635274183,203424066,809920396,639158949,278691600,873298519
