100
0,5469602,5080300,8536982,2321863,1966293,3121878,5638592,184167,3338674,5803169,5701033,8659951,3155881,2018175,565342,9412570,8664656,266733,7251161,5921764,2898256,5524350,7861529,3646010,6792297,7275389,1172339,1457361,8951676,1894082,1101200,1149271,7992371,2927249,1544318,3053251,3417184,7940629,7996621,6218131,5026724,1813458,2883127,5219596,8646172,3793003,5088313,3716234,4709406,6800314,9244774,3372536,661343,1282774,1137371,7530739,2926476,1097908,7741925,5092198,9200489,1588665,4671912,1380849,9766852,8033538,1091104,8642619,8888343,9423429,8569771,5297853,7335091,8179760,7262522,526835,6853900,1272556,5312877,5054848,3710774,3611296,9938019,9287617,7372357,7911401,1347888,1689355,4968253,8125723,5274021,2526100,1541972,9025908,6287828,7989678,9001784,1989935,3244354
5469602,0,8886418,8281855,6925334,4556361,2350827,1237995,9234306,8242176,7125256,7220285,6792785,4419681,7635890,8411495,6069647,8674994,7167546,8313522,868646,1910594,1961111,9269598,1125520,2100377,8422576,6490148,2618313,1388449,5827125,2565161,3035325,3189152,8507732,311744,3813578,8679776,9770156,5620023,3226845,347141,1504331,3328891,5436280,1690067,5927576,5724964,1999662,7899386,5104304,7352352,8984202,9491435,7913500,9999379,4805912,6199745,6565239,9648044,2787436,9292734,1832921,245678,10211,4993275,2751471,9289472,4043802,3027695,3095563,5975528,6053721,9984581,4762841,9136709,1102733,3516663,3156934,6706315,6323614,2486861,5682267,2626988,9209415,926002,289000,2142868,6852454,2678020,8584649,4881519,4163895,8286020,888676,3406319,9633095,6290006,7502795,5774137
5080300,8886418,0,2251453,8964658,5975761,2208521,8892979,76917,6585666,6455578,8608405,631667,9328261,7953495,1208075,7469665,9000451,4858143,2316525,1873058,695851,181653,9932174,7835390,8362801,3651557,9347269,6047829,9460802,7758070,2461032,2727205,837814,8529372,4765421,2765295,3087666,6349093,8660833,9475636,1353477,2352082,4011788,9242418,1078277,5810709,9633925,2921503,8712939,7299465,1774511,8413224,9191137,5616870,2617036,810355,8269318,6382446,3442246,2321309,1847165,9685292,950823,1156022,9614643,3396974,5445546,4610666,945702,8562272,2242439,674091,4181817,5190721,5982565,8054060,2242868,611899,5606488,9051342,5101404,2679447,2125590,1662591,4822964,1255912,68615,9918265,286889,7250023,3016185,6071398,5388066,9685723,1185309,6022881,4860991,5287545,4244308
8536982,8281855,2251453,0,6988467,3683457,8723158,7757316,81327,3192652,5220804,2386534,4788628,5661459,3408357,9842413,6678182,181348,7785943,5820275,6154754,6308686,3705971,4275389,4504122,6388481,6513580,8323926,6412928,2488842,5234953,2067642,2326615,2259743,4240973,1297320,1728368,4865362,9022115,5782511,2632432,9979302,9264724,709449,5637200,3636150,8219771,8870160,270459,2535777,8331699,9078039,3537954,987471,3064592,7315706,1813551,363416,2349292,5377021,1489297,3839392,7439065,5750295,2713696,1107167,5140139,2483007,3441439,3294057,6154145,6930323,7606532,7808904,3880669,350712,6652926,8260426,2830026,3321184,138474,1516158,6879643,79315,1217428,2331084,6075578,5728524,1938321,6533001,1413515,5326329,9662921,9351834,4782358,9195761,8615494,6536522,7003919,4938724
2321863,6925334,8964658,6988467,0,185623,8718281,263462,4987683,2609773,3237530,6749416,4154790,8104944,5926462,4893088,6494797,3128250,8122159,2076117,5118300,6790745,7149148,5257038,607682,5437081,6616423,6868791,4660257,9705115,3314576,525774,5441977,8116694,1229037,3701873,7290020,5544132,4065008,6528078,4707392,8706869,6317229,192845,1935016,7743633,4181065,1779763,8827777,1884212,5358700,1034219,823683,6152914,6535822,1520464,8167078,6527752,5757799,7445259,1927484,8996485,2090189,2140179,5595964,7946028,2107435,465741,6183956,4341183,8216484,2578465,6840002,5641488,2123476,4059585,7519267,3851842,1205830,703914,2618006,8668271,3009851,9364205,7524839,9918079,7084203,9638927,596609,2097775,5518140,225533,6922852,4395783,5211226,4833881,4892658,6143685,1526952,9454031
1966293,4556361,5975761,3683457,185623,0,5439175,6924529,7123191,240932,7356023,2629583,8843993,3637491,320441,4783514,3629990,4630738,3292924,8084665,7945170,5798282,2080931,5339934,8264564,8749485,603707,6771723,987940,7578331,8027901,2554396,683548,1917433,2924738,9571959,8486788,6885271,4139422,3049891,6024797,2568906,999241,9057828,738843,6037807,4334119,5633196,5939242,3079806,8016189,2771035,5648173,8631757,4423904,374841,8403168,8531711,2510600,9037394,2077751,6570588,9831045,2908710,5631359,2992348,6247781,3454649,3966866,8777827,7535828,233107,7079122,7549431,6292076,4307561,3221652,7992574,3702153,2170699,4183264,9593853,4535853,1763092,9773741,9529859,3322134,5254085,42086,7211362,5891317,4058180,368639,1123213,7490932,6660529,5357987,8546452,3320864,8135696
3121878,2350827,2208521,8723158,8718281,5439175,0,7868895,3690713,7214318,8933150,3385729,4857997,4302578,940514,9822767,4404302,675690,2864039,4033907,9646034,2931695,3094498,9941756,4678303,978403,4013521,7011633,8827250,1576977,9985842,6092329,2390758,8888065,6976549,3286460,2121784,51961,5210790,3333287,7859325,2337777,5390402,6438154,6326739,9212258,2252884,5099347,4478561,6689009,5908722,7171218,8204076,8715468,5970042,4655093,6233812,3398209,9050332,4375958,6823917,5471392,929669,3721798,8518597,4389840,5933904,9866934,2619540,1109368,213483,8674441,8451741,789602,3484841,1669082,7790903,8721816,6178968,5458452,3761000,9965926,8716796,3461036,8588598,7821281,8120741,3792871,9937183,519097,6221138,6967917,5748913,8034033,9686764,5675634,1921161,2065136,1186381,7412186
5638592,1237995,8892979,7757316,263462,6924529,7868895,0,2971954,27286,7889744,4154762,7850890,1656622,7843536,7330176,6792905,1110643,1076616,2858716,2267507,968218,4934895,4274435,2592404,6201586,7200837,4372305,5204106,4220577,5066488,5911950,3970350,2788511,7723758,6899159,5079180,1027754,3576509,7978034,1337635,9643242,3697242,2049561,6492796,2736703,4285623,4863460,4473182,4350555,2800361,3541525,3701753,9386366,9944297,988562,4297389,2686185,4401598,3684636,2330848,7961400,6023472,9887477,2417969,5971173,1844114,2427979,9826332,2268015,9550756,7119696,7890653,3724823,2820956,4326598,9067127,7817659,8350808,5832564,1347706,7595619,6791543,1346610,6687601,1661838,216963,6238177,3734793,5921769,9913937,3760720,6871813,9108011,4110961,7459609,6830489,3381135,4463006,3152633
184167,9234306,76917,81327,4987683,7123191,3690713,2971954,0,8224998,2909551,5018018,5373729,8588412,4610003,9311039,8732345,4967915,214028,8302056,2599687,4776228,7605280,2603935,9403786,6749575,676226,1549405,6873691,7497472,1875236,7226350,6697732,8901803,7188376,9924616,4103635,1673981,4709391,9760488,8472433,4550108,9281691,3048739,4173718,4684777,5327034,3662663,5710964,1904132,9624479,1895727,7900694,1580882,5591080,1117172,7291301,1044386,3970193,8164543,2259428,1143328,8133377,5303217,6597286,8434276,6464250,7916791,3969472,6275895,8722328,1534907,8927781,8960124,2122909,8004894,8433181,5094381,4133491,3962999,6342999,3336786,3443496,7984540,2018343,5392906,6499955,6719372,2587651,8408044,8929238,352090,4527112,1582920,2986996,5800238,8119005,5887305,7851329,6693186
3338674,8242176,6585666,3192652,2609773,240932,7214318,27286,8224998,0,586526,6889432,7903049,2571846,3881482,6483216,6912552,5238227,5390046,8668841,1190114,9329031,7441591,8031142,1975690,480032,3829555,3850997,9959697,7712308,6204963,4282557,8286558,9892843,1947232,7314943,7102461,6282190,8984398,1210606,4518566,9844929,3857129,8786103,3609896,6359980,6559900,7871518,8691939,4035814,5762978,6551979,8831568,3520670,4508641,917974,8333519,1148926,5760366,7605709,4290200,2900687,3656561,4588337,5494915,6603481,4309515,9426943,1194636,3044969,6632421,4396262,445199,7261066,6870607,2321195,7423072,7089432,7826152,9923056,6658331,6762884,5452908,4149686,5070517,1781258,1379651,5988132,440614,2495022,8101491,4079107,2979471,7382268,1360509,5781491,3046763,9910695,1961396,1724655
5803169,7125256,6455578,5220804,3237530,7356023,8933150,7889744,2909551,586526,0,4379652,5205897,8706035,4869027,6577286,5612325,4679630,7591940,6475608,4352643,2778701,1484500,8991520,6631396,2388032,3941639,6996851,7808684,1443925,8216888,6702545,6866867,3485015,2788682,7645124,7906144,3919955,9135901,6055608,2114841,3058018,1423342,9439787,1727486,6489328,2120627,1813074,8136537,5552007,7721859,1430680,3316222,9970743,6865232,3777273,5271493,2075770,2860101,3290305,4677148,6158884,6495286,9058494,6101325,2208573,6415762,1094400,7571005,9247048,9853640,7675238,8380610,2100910,9646921,6794856,7330439,5689203,3196848,4182679,4349970,1440975,1105965,2470170,1307223,759462,8001205,9931135,4277867,443169,217645,4017815,2173527,2093496,9513786,5015017,2948309,908137,3877703,176444
5701033,7220285,8608405,2386534,6749416,2629583,3385729,4154762,5018018,6889432,4379652,0,8441264,5032582,3719219,5318151,6753214,5085247,9614878,3578143,497485,1738673,3394426,623791,3719877,1163964,3465193,494585,5250245,3418612,4978805,5060371,9765740,632446,9055163,5909824,6983127,9824064,1078986,6031214,8806869,5440438,6438120,5676038,8150638,5012151,278107,645369,9168524,2046964,9121370,6938365,2631518,3024796,9076911,7535885,4129553,3513053,4165176,6545104,2809830,8872598,1218274,2033469,4229180,4716988,4097542,9162049,3474126,3249158,923226,2885897,5835794,3357769,4362110,5344678,6455735,8008233,8182140,4235551,2961598,191212,6562297,9172234,244243,9449252,6841149,6020066,4032232,4130208,634062,2654246,7560503,3770875,9825276,2834584,4372744,8800707,9748019,5238778
8659951,6792785,631667,4788628,4154790,8843993,4857997,7850890,5373729,7903049,5205897,8441264,0,1659822,4121323,3480196,2049329,8160304,4871395,4272497,9619741,1360204,7946680,9448904,4943337,7387083,7090452,1796987,7583753,9173236,8603360,6603438,7371223,3338934,4280082,9618987,304590,6139132,7485930,7578512,3835873,3119983,7287106,2177865,5644290,4076791,4516940,2848288,4154550,6730538,5543832,7719532,3496881,3960332,1072128,7092216,7197233,4465650,6518667,239805,665224,1950674,2663442,3565563,3656244,2350250,95259,1876247,554370,7952009,4651089,25282,9987938,125115,6603579,9152195,8475332,3843756,7341075,5586926,975039,9166403,4110415,894305,1590913,1806617,6373827,2190798,836759,1985942,8525859,7960884,6818986,5739861,4279608,8746666,3928299,6261909,3167568,1701878
3155881,4419681,9328261,5661459,8104944,3637491,4302578,1656622,8588412,2571846,8706035,5032582,1659822,0,3249184,6014172,2034699,2511648,3950239,9553213,372098,5407491,4805014,7567050,5916160,190051,4706524,6465735,4299083,2253418,131149,2823546,7745151,6727422,4157722,6111279,2627368,8163926,5133738,4359102,4061247,4579587,8275559,882251,4334599,6060212,4249277,5029746,82276,2078834,8998743,1791796,8738652,8588372,5725482,8649193,8358971,5814994,4514188,7459653,3648364,2991144,8520373,544053,5512513,7629471,3414315,1559462,3572250,420974,5328907,3365437,9532740,158509,9901769,2996452,4323754,7953748,3170128,214777,2340727,4605709,2798758,8302542,2642110,1860079,6577230,283805,1965834,5500982,3971984,8556101,2095554,4378076,1004655,4539333,3015980,7453188,5269487,5765961
2018175,7635890,7953495,3408357,5926462,320441,940514,7843536,4610003,3881482,4869027,3719219,4121323,3249184,0,7606044,5856803,545840,7136990,2571921,7632289,958282,4009756,4141717,8451781,6610127,6917109,3200554,3015262,5615537,5276338,3060373,8990406,9359054,5473577,7281557,3840205,5388643,665755,1942467,5702186,1746483,8981265,8235170,4472849,9866262,6404070,1107413,5124442,5290503,1652137,6076805,5596683,1913433,6103724,3149655,5514716,727226,3848811,7949561,3292406,2413343,8036729,2003555,999890,6130042,1018876,6874818,9292294,399635,3160041,6977302,6474606,7402417,185189,5379625,7447931,3941053,195481,6496448,9682465,9300103,5327727,6775595,3972004,7603114,6101378,8055812,6615622,8296201,1211036,6815461,596921,754836,6060669,1984810,3003373,6025710,2313492,80579
565342,8411495,1208075,9842413,4893088,4783514,9822767,7330176,9311039,6483216,6577286,5318151,3480196,6014172,7606044,0,9058673,5057135,2931744,54245,7110718,2265063,9022268,5337818,988755,5894511,6548994,894351,8438656,6284878,3461269,8842054,1038120,7201819,2594677,1132519,9118934,4560322,1868582,5154197,8656470,9084018,9664815,9553459,1913899,7943485,245748,9779734,6690953,9894210,3276440,9877060,8439825,7609100,1828879,1264476,6473063,7216029,5425447,1269157,4542013,4922902,6603937,6895385,9816644,8818687,9558424,7632507,9248548,5294234,2368044,9174311,5252983,3044520,9482941,2803338,128783,6594540,1147453,3679026,492046,4831400,1305633,666082,5835227,4230645,5655228,3897121,1121283,4201597,3022390,8032172,2685205,538929,5332760,509040,317207,2883466,9386273,5227601
9412570,6069647,7469665,6678182,6494797,3629990,4404302,6792905,8732345,6912552,5612325,6753214,2049329,2034699,5856803,9058673,0,7764418,3346201,6835749,312596,3770812,3671387,127568,7411806,4521325,4400740,2506058,79489,5174793,3365423,3967827,4802428,9587601,9497412,8204026,343790,1967224,7189140,5792212,1094667,8907326,3013022,5159559,2828955,3503550,4058323,9540183,9797106,1989996,8098668,1533628,6118687,5655684,104775,8286444,95272,4279342,5144150,91058,9778700,5118011,461008,3334970,6213231,8791095,9409591,4505886,9370643,7155671,2008920,5354829,8804313,1154606,3378588,7150423,3180058,8557492,8516361,2925696,6398205,4124904,3834340,2538232,5120926,190473,1387975,5997923,1228000,5234106,2285277,8310102,4037236,2830986,6206804,5207020,1651838,3431401,3817942,5798580
8664656,8674994,9000451,181348,3128250,4630738,675690,1110643,4967915,5238227,4679630,5085247,8160304,2511648,545840,5057135,7764418,0,4745229,3028532,7532938,4107952,8545222,2370930,6344164,4356063,3935636,9328879,1083295,4900665,6683710,5155120,8415343,7181012,9001660,4913054,3102666,1944859,1279025,8055561,9984401,884163,8803213,3239564,6925668,7218439,5208489,1871559,9504746,7015831,3976972,7780277,8520124,8076276,3109985,2616069,4133826,1095359,597847,5558018,5487019,3370001,1354498,4882466,700173,8935043,5606595,4023684,5063702,20634,7759986,2177738,9763670,4515286,235681,9095169,1590435,5062918,1204871,2220628,2238193,1247269,6497330,601108,6976519,5373879,7877495,3170876,1536384,8995274,7850570,9762327,9450582,9349291,2813452,8719525,359869,5410641,4209079,5872258
266733,7167546,4858143,7785943,8122159,3292924,2864039,1076616,214028,5390046,7591940,9614878,4871395,3950239,7136990,2931744,3346201,4745229,0,5656288,388771,3310191,700126,1128355,3796585,4666947,3777608,6246193,6852305,8652590,8775414,115072,7778982,6452983,4289015,6022072,2630100,9506779,9666965,9448914,4404859,4598335,7940579,3852073,1310388,767711,1349342,7806312,3729820,677626,2573349,1104476,9081448,9286299,875340,1127398,7998453,2220510,7165217,5482205,6172783,6525127,2812852,2361115,7278373,4505244,4670756,7562927,3524480,6684783,543699,755843,8348858,4476750,3758833,5497580,5435582,1045705,6959029,7269885,1879776,9265871,5044938,7915517,9556119,2748265,9523963,5299469,6979803,221934,9939362,4976378,5015529,5636816,6966813,971979,8081297,2339699,9801751,6326820
7251161,8313522,2316525,5820275,2076117,8084665,4033907,2858716,8302056,8668841,6475608,3578143,4272497,9553213,2571921,54245,6835749,3028532,5656288,0,8325406,6901231,3254247,2501397,6536491,9513436,2693774,9204361,7424309,6105198,2052143,7588359,3736047,6972162,4831404,9822267,1522868,1222312,2823508,7918955,749068,4605992,9263375,217239,2477639,8533553,8846796,4328649,3940775,6178547,4125900,1628737,11004,214001,5669921,8764000,754463,1158048,6261679,3183697,1516767,8496353,5664579,5423355,5422722,9220139,6065049,4213050,8552497,3058503,3592047,6520772,2814594,4610345,9344020,5730682,827312,242542,3183076,5433036,4653721,6206369,772046,5134964,2842515,6314435,5755082,6078056,8854930,7985906,161012,1579617,9334130,5117842,1844546,9069332,1899590,4523477,3939219,1103029
5921764,868646,1873058,6154754,5118300,7945170,9646034,2267507,2599687,1190114,4352643,497485,9619741,372098,7632289,7110718,312596,7532938,388771,8325406,0,7298154,8832459,1892632,3367521,9423538,565226,7534980,1477778,3260004,8595840,5613909,5948380,3607505,239186,7455090,1623450,4452387,3727800,5000280,2401751,3386311,5740028,5094240,1447358,9188454,1626754,6064796,8623427,9535793,9452935,9163690,4252564,1578919,8519276,8362509,9891651,5091008,3490679,2186313,7210516,3108163,5668391,9596379,9776236,8063503,6785729,579097,4729648,1434118,7935546,1426032,497761,7236386,3814410,7511141,7752953,9992554,641504,9696041,5985007,6773638,2523314,101123,7806639,2822409,707136,8011488,1897236,5201515,514526,8448914,677855,4611148,8338214,6810428,4578140,1724774,6263503,7769547
2898256,1910594,695851,6308686,6790745,5798282,2931695,968218,4776228,9329031,2778701,1738673,1360204,5407491,958282,2265063,3770812,4107952,3310191,6901231,7298154,0,2123887,1379823,7881914,648809,6138297,547361,5140248,4145516,8764000,388075,4902354,6071513,7809220,1063636,3409851,3132443,8527566,6007577,3229111,3231495,6834184,5008362,8490628,7866846,8944783,1128282,9640658,6127452,7193340,8652627,7903062,9556408,2521603,7040467,6855202,5792554,7579326,2410785,6483780,6251366,8483430,8572793,4474746,6009475,3281506,2271927,7620124,2749648,2980917,7741542,4114948,1547063,3043317,942429,1095996,608273,5597887,5126091,8704677,7799228,1931538,5315916,2882185,4676758,2116880,3362383,424161,7381895,5914363,7950843,2448542,1717336,3565554,3009452,9923361,7424711,5781521,7848783
5524350,1961111,181653,3705971,7149148,2080931,3094498,4934895,7605280,7441591,1484500,3394426,7946680,4805014,4009756,9022268,3671387,8545222,700126,3254247,8832459,2123887,0,7433104,7743492,6485572,4524351,257054,8156176,6028691,1022908,5116100,3746129,2680834,1814906,9185629,3872801,8456226,1323319,1089553,3630021,3828869,6117642,1348725,1707979,7904308,4424212,7112559,9889392,1191791,317344,1394771,256722,8211072,621868,3585350,7751988,3344992,8581933,1052686,2490795,8268560,384574,7393268,7565568,3112084,4348744,6946897,9352487,6329042,3898849,8363893,2114364,6882049,9138746,1309702,136623,161371,624375,5438338,463639,9109984,9944124,4770297,9500824,5503311,9745316,9469253,7170871,7029346,2865258,9333055,5981830,645316,2798846,7582092,3693890,4008627,7751078,1187513
7861529,9269598,9932174,4275389,5257038,5339934,9941756,4274435,2603935,8031142,8991520,623791,9448904,7567050,4141717,5337818,127568,2370930,1128355,2501397,1892632,1379823,7433104,0,7958416,3239172,1247087,400085,7628641,1227488,7343540,9303526,5488522,5711120,5670122,6626123,6297272,3264788,8441254,4629659,3041467,4840031,8090681,7449779,4135612,7847406,9551055,4946619,7034122,6615565,1364783,8749903,2714006,1220562,3479127,9090697,6566668,1568024,3608029,913712,6656684,9838849,3578171,2145632,8391939,4585,7822539,1872635,5902978,4759968,6250554,1997463,1151092,8817629,8358697,6176516,4184651,5882881,484122,2014931,8397926,1301730,1452906,8928139,2364690,6772653,7079874,9839691,7901793,8938227,2472383,2897829,8107661,5878069,9343674,8782871,2087232,8678744,1084202,5185018
3646010,1125520,7835390,4504122,607682,8264564,4678303,2592404,9403786,1975690,6631396,3719877,4943337,5916160,8451781,988755,7411806,6344164,3796585,6536491,3367521,7881914,7743492,7958416,0,8436065,3030168,8288374,5723745,9285545,5538539,6226757,3166154,3427513,7498198,4081346,4521612,1253691,3701186,8184566,2936592,2509053,1461261,3047576,5999619,9580010,215377,3254040,7997494,2222074,9031532,2449021,461407,6082514,7054079,3560891,7004143,4198825,2937929,1385142,9026904,4010254,6975596,5996568,3895575,2916344,7527493,7924092,5329860,6301335,778928,6442281,5722460,2896321,7575879,880426,4122971,6240080,2192847,2987736,928173,860802,2195351,4742103,2092794,9484465,834073,5785208,6413298,6471388,6240324,4260344,5235764,6141210,3217171,703437,5452863,8194729,3598485,34147
6792297,2100377,8362801,6388481,5437081,8749485,978403,6201586,6749575,480032,2388032,1163964,7387083,190051,6610127,5894511,4521325,4356063,4666947,9513436,9423538,648809,6485572,3239172,8436065,0,4523521,1555661,646814,5613705,8112700,7909463,3441547,2898397,9898261,6117377,2970908,4704636,7490408,8322504,1715046,7163175,9398987,8884735,9995097,3959533,8918073,9687536,7848820,7812847,3360888,2326930,1394081,5521259,1454630,27256,6774362,5947412,6883816,2552472,7440931,5684754,5611095,9626347,9015939,3819087,3576382,4370900,6321525,498827,4725721,1619526,6949740,6268717,8333148,9470316,2916046,9704977,7041409,5184774,619908,9724383,2353711,2615864,2126377,3923865,1714703,1146939,9119626,1782025,5621399,7977704,9839855,9589782,4674445,2508685,6561513,958063,9773971,5633944
7275389,8422576,3651557,6513580,6616423,603707,4013521,7200837,676226,3829555,3941639,3465193,7090452,4706524,6917109,6548994,4400740,3935636,3777608,2693774,565226,6138297,4524351,1247087,3030168,4523521,0,2585297,4812286,7434392,3113510,2832835,7648725,4213402,9186588,3381371,2274877,908406,8520992,7247415,110162,2224291,2847568,7317551,2148354,4121862,7208874,3869334,2128487,7718595,2830684,6767645,4658743,2668934,2824106,4260642,2565293,7564123,9409828,1874875,6873013,7794255,761217,7787552,6084672,1360354,7875177,214928,7985707,389121,6108691,2282641,518117,9332218,5847205,371647,2829272,8993781,6793654,2064964,5339340,6366641,4360693,5488740,3916465,5231865,6690143,937333,7400548,3050202,5954612,1757327,1205287,3387322,4873996,9546140,1782861,791994,668641,7723095
1172339,6490148,9347269,8323926,6868791,6771723,7011633,4372305,1549405,3850997,6996851,494585,1796987,6465735,3200554,894351,2506058,9328879,6246193,9204361,7534980,547361,257054,400085,8288374,1555661,2585297,0,1124698,8054183,1402264,6645810,6961421,6585409,1881322,9994519,3708269,3846303,497689,1130153,1866540,2796525,8045496,9758074,1263701,9936622,303676,2724573,4623577,6987323,4935773,67784,996487,2760807,3773751,3290124,8159326,8157719,818840,4169498,6594381,6326944,8811070,8398717,3035923,6638047,9840186,9954197,3225313,2517551,9624831,5596817,9544097,7669704,3883458,8891729,8155459,6978201,4263333,710682,4383043,1759808,3954768,8734109,9669529,2951920,6353468,44785,9901668,7317088,1671646,6888017,4464761,553195,4472215,3207355,152878,595270,4727682,9986705
1457361,2618313,6047829,6412928,4660257,987940,8827250,5204106,6873691,9959697,7808684,5250245,7583753,4299083,3015262,8438656,79489,1083295,6852305,7424309,1477778,5140248,8156176,7628641,5723745,646814,4812286,1124698,0,4231821,6682608,6583421,4355041,5311529,3558602,5665998,114309,4081362,6715212,682891,3758708,4670500,6936641,2161009,155402,2154162,6428426,5528904,8559906,8471408,1322224,9160388,8576400,2810708,451259,859274,5774670,1329489,5606570,2016140,1414825,3155372,6342371,7288236,3186578,7728059,5683157,9323872,4393843,6103768,7931807,4985591,9515322,3093413,1305820,6441018,9413497,8170886,6156782,6944557,5816280,9348599,3537794,606897,3397043,6287064,4750499,3791371,7415385,9169252,3381338,2846774,8094073,7153607,1764231,5262609,3863831,5731134,988462,6929496
8951676,1388449,9460802,2488842,9705115,7578331,1576977,4220577,7497472,7712308,1443925,3418612,9173236,2253418,5615537,6284878,5174793,4900665,8652590,6105198,3260004,4145516,6028691,1227488,9285545,5613705,7434392,8054183,4231821,0,9976622,2338497,1601463,3391673,5015652,4949681,8715427,986469,9658794,549845,7276493,5841602,245649,2406610,8734477,6412168,2602987,6896002,3608504,6493387,2097180,3962222,6147009,856323,9983614,7319705,3745336,8788609,6073227,1129100,7034893,7893069,8173816,1532809,6042155,9484409,2869424,3131209,9367674,8451168,8597901,5700381,9955455,6294332,4187777,7351372,9482369,1663012,7881307,590893,3320913,3176861,4027637,1282573,1059857,2133917,586343,6331692,8001950,2965487,5015720,6339366,3363014,5420100,1372154,7265316,9344208,1898225,6906620,5291053
1894082,5827125,7758070,5234953,3314576,8027901,9985842,5066488,1875236,6204963,8216888,4978805,8603360,131149,5276338,3461269,3365423,6683710,8775414,2052143,8595840,8764000,1022908,7343540,5538539,8112700,3113510,1402264,6682608,9976622,0,1235778,3449150,6855578,3505598,7912620,177764,9930331,5065645,8549040,7303989,1662502,7328485,4131830,378181,4698768,5295961,7987038,9892472,6331335,5395015,5313487,1547148,6597265,4907571,1391189,7818853,7747631,9202042,9018382,736458,3727188,4344126,5022921,4322431,9760750,2297175,7809532,2279551,6461527,4979602,2334122,2624944,2459088,639643,8889509,9020783,4612354,9211539,141622,6073073,8264377,5673198,6143888,3308536,9037158,9339009,1573248,877279,5654687,4330048,7984964,690543,1363070,6965471,843335,5395720,6675394,416217,3992604
1101200,2565161,2461032,2067642,525774,2554396,6092329,5911950,7226350,4282557,6702545,5060371,6603438,2823546,3060373,8842054,3967827,5155120,115072,7588359,5613909,388075,5116100,9303526,6226757,7909463,2832835,6645810,6583421,2338497,1235778,0,3390929,3755720,1053506,8227413,3630517,315394,7616598,3407198,2476792,897353,6549540,345428,2017813,5218093,4729656,5089002,1672733,6897084,8575276,396868,4315085,873450,9721557,1214709,1207885,3784161,2436452,4759714,4455605,1834061,9033282,2075869,6955220,9705099,6974070,7650506,5095777,9582459,4860325,562656,4523213,9686607,9776827,3275961,6946292,3829888,1686282,6016444,544268,9519312,3252793,6780758,7162842,459824,2211599,8347321,6079921,6254326,8848967,361655,4655399,4135347,8832371,9651194,552188,4810213,8152280,1467674
1149271,3035325,2727205,2326615,5441977,683548,2390758,3970350,6697732,8286558,6866867,9765740,7371223,7745151,8990406,1038120,4802428,8415343,7778982,3736047,5948380,4902354,3746129,5488522,3166154,3441547,7648725,6961421,4355041,1601463,3449150,3390929,0,2761273,4672054,7904882,4848731,9186053,8943940,5764211,5376476,8132394,5398517,1130436,5999446,4699534,7439115,709638,8731807,6648444,5926880,8113478,632319,6756891,1651907,8875253,4584748,2050157,7110048,2914317,7972436,2342253,8970701,5147129,1106995,136212,4836210,4278095,7025619,9727175,853919,7077496,7746889,2760337,8871911,6721970,2474186,5244275,630292,11472,5969844,6142264,8537526,4505824,3237725,8512659,9258868,1675940,1932845,4213806,8183694,4718475,1243136,7414463,7404165,9919198,180430,9817233,3232478,7451394
7992371,3189152,837814,2259743,8116694,1917433,8888065,2788511,8901803,9892843,3485015,632446,3338934,6727422,9359054,7201819,9587601,7181012,6452983,6972162,3607505,6071513,2680834,5711120,3427513,2898397,4213402,6585409,5311529,3391673,6855578,3755720,2761273,0,8195498,8873030,5387837,1406745,1156163,6831958,6144406,8560420,6640970,3247182,1585686,7895343,1718795,5283037,5618555,1285147,787179,3893929,3517867,5474515,5104969,586975,907414,4553080,1753491,8359103,6108205,5816388,4657164,8016295,2946670,350449,9089960,3427609,2435212,1466034,5998228,5568870,5332196,9425998,8446510,7963538,8899570,3859597,8474735,1792709,5038469,4701738,20352,1588217,24082,2719563,9190030,5944187,5161913,5901044,2883119,1212792,5823268,7036027,2621555,1270540,9634442,1394421,9378571,3670551
2927249,8507732,8529372,4240973,1229037,2924738,6976549,7723758,7188376,1947232,2788682,9055163,4280082,4157722,5473577,2594677,9497412,9001660,4289015,4831404,239186,7809220,1814906,5670122,7498198,9898261,9186588,1881322,3558602,5015652,3505598,1053506,4672054,8195498,0,9863466,3747811,1505749,6779135,9165370,8013273,1533939,7873818,9367711,9014255,5900618,4488247,9176292,516958,4333614,4945584,3986232,2931223,3453165,6143339,7044510,2255079,2872047,3636279,4805302,4700329,5990924,5357082,7178134,7581687,3202318,1065493,4775297,9288493,3843829,859688,8627254,2839206,2572982,3346978,8353782,4906385,1730696,4297594,5773022,2702181,4208594,2496013,5014238,5272957,9849563,8674408,2466816,1587809,9401900,1632373,9308692,1475668,1416120,3197538,8792686,9585130,7617081,2950061,9116437
1544318,311744,4765421,1297320,3701873,9571959,3286460,6899159,9924616,7314943,7645124,5909824,9618987,6111279,7281557,1132519,8204026,4913054,6022072,9822267,7455090,1063636,9185629,6626123,4081346,6117377,3381371,9994519,5665998,4949681,7912620,8227413,7904882,8873030,9863466,0,2643985,359151,2198451,4577132,2183131,7098887,7130657,7117101,3738984,4309602,242193,750805,7284371,2771274,6027915,7246053,990137,8303260,6362585,2911562,566365,834818,8211338,6145076,7616219,2121630,487540,3582090,5818616,3928571,8262373,8049514,9665539,4080315,8104872,3937654,6764336,246956,2244686,448267,490281,6272554,7149026,9159204,3342839,8316925,5419248,4236788,2094167,5026009,8076622,9840689,9587300,954708,7834022,4862667,28018,4235371,5699535,7231447,7947787,15162,204568,7400951
3053251,3813578,2765295,1728368,7290020,8486788,2121784,5079180,4103635,7102461,7906144,6983127,304590,2627368,3840205,9118934,343790,3102666,2630100,1522868,1623450,3409851,3872801,6297272,4521612,2970908,2274877,3708269,114309,8715427,177764,3630517,4848731,5387837,3747811,2643985,0,6577446,397787,2794200,4833189,3391989,1391253,3370889,7098556,5064074,2628459,671035,9527015,9769946,2079792,5240083,9799297,8637991,1078020,8390562,7945959,4983766,2392220,6334004,8369818,9645461,2833896,6707347,4255480,9010962,3049780,530584,3941995,1463691,1297105,2222566,695282,269169,2109941,9050362,1351107,8759159,1058988,4772705,8796749,4455199,1565285,9993652,7643081,1134279,3894564,2468653,9102074,5670008,8631541,2024847,7446768,6041875,216434,1241139,5599935,8049967,2513192,3818303
3417184,8679776,3087666,4865362,5544132,6885271,51961,1027754,1673981,6282190,3919955,9824064,6139132,8163926,5388643,4560322,1967224,1944859,9506779,1222312,4452387,3132443,8456226,3264788,1253691,4704636,908406,3846303,4081362,986469,9930331,315394,9186053,1406745,1505749,359151,6577446,0,1546677,2088020,4842916,3264018,8517150,6865284,1621635,3417326,2621459,4490155,6438718,3718277,1045385,7937600,9333574,2641413,6475504,5630124,5560862,5885054,924530,5070312,1052574,8938458,4578947,2708038,7222273,706425,5260462,3165800,7023718,7902265,5743329,4682642,1568375,8087120,2813607,3589669,6498982,967263,4235265,1777743,1169371,6077876,9363258,9173669,3733825,2146295,7683511,2080278,8758375,4269352,4928336,660316,7109485,8769151,792097,2838355,7380125,8523999,7604007,1166591
7940629,9770156,6349093,9022115,4065008,4139422,5210790,3576509,4709391,8984398,9135901,1078986,7485930,5133738,665755,1868582,7189140,1279025,9666965,2823508,3727800,8527566,1323319,8441254,3701186,7490408,8520992,497689,6715212,9658794,5065645,7616598,8943940,1156163,6779135,2198451,397787,1546677,0,8800752,468993,8003649,4581767,6874926,5809535,8096193,5776688,6826824,4645424,2676494,862899,9059292,7610545,6202381,1535218,3805912,4878265,6759654,1260881,8009187,9456728,7469284,275258,2666659,881009,2700115,7329810,8355260,4822258,7399665,3716423,2846927,372000,17309,3364141,7272008,6218959,8380279,7980275,4045438,7672003,9041719,6459202,1142652,209197,8082630,4257256,4280614,4759863,3107274,1769494,2565032,3254966,9416973,6217639,5214054,1282605,6515224,7235156,3915176
7996621,5620023,8660833,5782511,6528078,3049891,3333287,7978034,9760488,1210606,6055608,6031214,7578512,4359102,1942467,5154197,5792212,8055561,9448914,7918955,5000280,6007577,1089553,4629659,8184566,8322504,7247415,1130153,682891,549845,8549040,3407198,5764211,6831958,9165370,4577132,2794200,2088020,8800752,0,3549424,6877247,5194742,5397649,6688913,3472135,5994242,7431217,9620647,7162411,4961183,4686519,4209077,8055288,8500505,892818,6367232,6694976,7999717,5117440,8439324,8729419,6151381,9496558,8151816,7521356,2071748,1187082,4549724,716951,85058,3983943,8594199,8622135,2845824,426833,1821130,260037,2341406,9412161,5509969,9327198,686401,3123577,9922736,5208718,9791222,5770201,8327264,5415928,2009396,4784083,4367216,7803647,1390615,5483509,7006703,1230799,4951086,7877257
6218131,3226845,9475636,2632432,4707392,6024797,7859325,1337635,8472433,4518566,2114841,8806869,3835873,4061247,5702186,8656470,1094667,9984401,4404859,749068,2401751,3229111,3630021,3041467,2936592,1715046,110162,1866540,3758708,7276493,7303989,2476792,5376476,6144406,8013273,2183131,4833189,4842916,468993,3549424,0,4561302,4982737,978963,747109,5792432,9060181,7701068,5207183,8676699,3216424,3424609,1022397,935793,1466683,5935422,1164793,4384272,1807491,5193020,2670355,1533989,6361229,562077,1309484,3592809,9487282,5762968,6137337,5787683,2965693,2127208,4221909,1835802,13397,4775508,2325444,6301437,5840844,8156171,1850586,1685842,1951422,6114305,1689970,526828,515059,9122932,5835725,2438968,721501,3339821,4855259,4470877,9408691,9122624,3580999,2563308,9790054,4128511
5026724,347141,1353477,9979302,8706869,2568906,2337777,9643242,4550108,9844929,3058018,5440438,3119983,4579587,1746483,9084018,8907326,884163,4598335,4605992,3386311,3231495,3828869,4840031,2509053,7163175,2224291,2796525,4670500,5841602,1662502,897353,8132394,8560420,1533939,7098887,3391989,3264018,8003649,6877247,4561302,0,6441206,3076169,5378156,9542257,5061622,6899309,1886105,7101472,1413524,3545538,8779648,4869980,936361,9844293,4579974,8817967,8479095,4423519,7428200,8892312,4374721,5050493,481048,188609,952869,9443463,9355066,7388603,9966797,6188181,8746200,4469329,9029089,8301067,5209105,2895783,5968730,4168310,131891,5262476,6435788,1117968,6445341,421868,8056330,7970825,1818151,8805318,3562885,6427599,3846925,465803,1361216,1334311,5956292,1525545,370984,7252337
1813458,1504331,2352082,9264724,6317229,999241,5390402,3697242,9281691,3857129,1423342,6438120,7287106,8275559,8981265,9664815,3013022,8803213,7940579,9263375,5740028,6834184,6117642,8090681,1461261,9398987,2847568,8045496,6936641,245649,7328485,6549540,5398517,6640970,7873818,7130657,1391253,8517150,4581767,5194742,4982737,6441206,0,6578091,2895956,4130591,6377292,7559062,7382706,7575761,7930434,6658783,4928792,6082059,3600374,5865132,3449914,8358910,4433427,3832755,8729054,5834770,5073368,2516149,546094,6974144,7741243,6418496,1311855,3731722,2093623,3289895,2645010,7483990,4858137,9719769,2342832,660993,7207034,3032268,5787282,840749,7900363,7579029,8057695,2654390,5297190,9426417,6050484,2156535,4305038,6482975,4685378,9353457,6616978,8166218,5723735,7833100,9209746,6508547
2883127,3328891,4011788,709449,192845,9057828,6438154,2049561,3048739,8786103,9439787,5676038,2177865,882251,8235170,9553459,5159559,3239564,3852073,217239,5094240,5008362,1348725,7449779,3047576,8884735,7317551,9758074,2161009,2406610,4131830,345428,1130436,3247182,9367711,7117101,3370889,6865284,6874926,5397649,978963,3076169,6578091,0,5298418,9563764,8680943,8257321,9413442,984964,2410395,9505215,8102959,2043875,4452511,2608381,9004082,9311384,4000559,9129042,1499103,2648809,896294,468347,4463074,8992658,9568145,3182890,4802217,8064184,6750525,788121,779135,6275238,6219207,7971164,6506267,4544002,4209695,9509632,2656047,3506995,823095,6628309,3178940,772997,6977773,5437281,3733729,7463085,5522306,8179991,3566750,5387309,2380391,2398243,3358430,1286754,3959243,163410
5219596,5436280,9242418,5637200,1935016,738843,6326739,6492796,4173718,3609896,1727486,8150638,5644290,4334599,4472849,1913899,2828955,6925668,1310388,2477639,1447358,8490628,1707979,4135612,5999619,9995097,2148354,1263701,155402,8734477,378181,2017813,5999446,1585686,9014255,3738984,7098556,1621635,5809535,6688913,747109,5378156,2895956,5298418,0,4123966,1292575,3797965,9590880,214171,321895,3754756,3774722,2280552,2895982,2415139,2327479,4606168,6180921,6730992,6368823,5932780,6294976,1394007,405438,4283538,887632,6082884,6566239,8472558,1121011,5467852,2221590,5880551,7512955,9149527,7683578,1855121,4683379,3861839,7205524,1332127,2685492,7274379,7883583,1709631,3388759,5588471,4094651,3606552,9694896,7143966,4195951,6149508,8182498,4906800,3775823,7105735,1311759,5405835
8646172,1690067,1078277,3636150,7743633,6037807,9212258,2736703,4684777,6359980,6489328,5012151,4076791,6060212,9866262,7943485,3503550,7218439,767711,8533553,9188454,7866846,7904308,7847406,9580010,3959533,4121862,9936622,2154162,6412168,4698768,5218093,4699534,7895343,5900618,4309602,5064074,3417326,8096193,3472135,5792432,9542257,4130591,9563764,4123966,0,7109516,6679664,742392,3797021,7665472,5438166,9401342,7972058,7431169,1816959,8198970,1447364,2998773,4095539,9277454,1076952,3223642,2527043,8557654,473371,1617010,7665328,3322499,494760,6619211,1753616,2597756,3158402,6444944,1332358,8796107,7995894,7867282,7026035,2602291,4560844,2930637,9906187,5709353,3951126,8981224,7961564,349740,58208,6297203,590520,9833396,8053558,1530737,4876054,787377,8435917,323270,984348
3793003,5927576,5810709,8219771,4181065,4334119,2252884,4285623,5327034,6559900,2120627,278107,4516940,4249277,6404070,245748,4058323,5208489,1349342,8846796,1626754,8944783,4424212,9551055,215377,8918073,7208874,303676,6428426,2602987,5295961,4729656,7439115,1718795,4488247,242193,2628459,2621459,5776688,5994242,9060181,5061622,6377292,8680943,1292575,7109516,0,3229960,2366551,7183506,824632,2423186,3589112,5703827,9936749,8124071,5071703,8718143,3777120,1305870,7209477,5795542,1738772,7219461,8546156,2489041,3924390,6782252,7158951,4627500,5372537,845881,5392581,9713878,6175364,6121217,3932768,2496300,3130198,8411622,9128507,222340,3891627,6691984,549273,1282125,3859803,2302235,3715550,3539402,7132793,293524,3764011,1788127,4313423,7612088,4552581,1963693,7614547,6992227
5088313,5724964,9633925,8870160,1779763,5633196,5099347,4863460,3662663,7871518,1813074,645369,2848288,5029746,1107413,9779734,9540183,1871559,7806312,4328649,6064796,1128282,7112559,4946619,3254040,9687536,3869334,2724573,5528904,6896002,7987038,5089002,709638,5283037,9176292,750805,671035,4490155,6826824,7431217,7701068,6899309,7559062,8257321,3797965,6679664,3229960,0,3460433,5864083,9409751,5009080,1830196,9632523,4798099,350857,9777362,5686867,2654290,852629,3938546,9198630,2013021,9775377,244796,9439321,6039106,3336954,7124297,8597107,682950,6872161,3574528,6532743,5068710,7759489,8831320,1617062,1538643,4601477,6346811,6478578,178733,6561635,6192153,8134303,4934750,5130765,274920,905588,2236954,7911907,6263493,973232,8575832,4064982,6402603,228210,261350,9739115
3716234,1999662,2921503,270459,8827777,5939242,4478561,4473182,5710964,8691939,8136537,9168524,4154550,82276,5124442,6690953,9797106,9504746,3729820,3940775,8623427,9640658,9889392,7034122,7997494,7848820,2128487,4623577,8559906,3608504,9892472,1672733,8731807,5618555,516958,7284371,9527015,6438718,4645424,9620647,5207183,1886105,7382706,9413442,9590880,742392,2366551,3460433,0,1693051,8969415,2554367,5481052,7085585,8680128,2799463,4391733,9647834,1134781,1920040,2181504,3269473,2912937,2737113,6631724,9345224,2048824,8618154,9635472,6413589,6178198,4266989,315042,1914632,4596962,9055662,6697105,9551503,7238670,4092655,5016111,9707640,9757713,10802,163412,3681863,3887608,6318845,8020504,2077827,6898108,6856434,3246848,7538674,9031335,4401860,7234947,7438558,687697,9793115
4709406,7899386,8712939,2535777,1884212,3079806,6689009,4350555,1904132,4035814,5552007,2046964,6730538,2078834,5290503,9894210,1989996,7015831,677626,6178547,9535793,6127452,1191791,6615565,2222074,7812847,7718595,6987323,8471408,6493387,6331335,6897084,6648444,1285147,4333614,2771274,9769946,3718277,2676494,7162411,8676699,7101472,7575761,984964,214171,3797021,7183506,5864083,1693051,0,5863910,1446416,8290382,2285245,373993,9921403,5221385,4456049,8761675,1981615,3425267,8160436,2909850,798293,4807404,5635469,7569756,1560,1374498,8649719,6468471,8266007,6277124,1908235,2863590,3721965,1339443,2910074,9023235,3757122,817586,4417547,1819885,5695207,5661145,9906078,3008854,1673385,8062151,9925427,7485656,40714,2961304,2668662,8227309,2688831,4306883,5363152,3054246,5336440
6800314,5104304,7299465,8331699,5358700,8016189,5908722,2800361,9624479,5762978,7721859,9121370,5543832,8998743,1652137,3276440,8098668,3976972,2573349,4125900,9452935,7193340,317344,1364783,9031532,3360888,2830684,4935773,1322224,2097180,5395015,8575276,5926880,787179,4945584,6027915,2079792,1045385,862899,4961183,3216424,1413524,7930434,2410395,321895,7665472,824632,9409751,8969415,5863910,0,9145356,3107824,1860175,9316500,7738303,5248343,774513,2740989,5986949,3999829,2330340,3165304,7788220,8704928,7526227,7890771,392324,9592518,3507894,2327071,8005600,7516810,6351974,7793423,6389471,8176072,8287290,2955865,6804888,9746683,1625737,1036431,7113337,5531507,6937503,3723811,6172858,5080499,1172945,2633877,5553469,4350036,6580518,3668387,6047615,6465659,1305142,7577970,9705328
